image: /home/mrmat420/car4_ws/src/map/map_lifelong_HR.pgm
resolution: 0.025000
origin: [-0.503358, -2.808282, 0.000000]
negate: 0
occupied_thresh: 0.65
free_thresh: 0.196

