image: /home/mrmat420/car4_ws/src/map.pgm
resolution: 0.050000
origin: [-0.493661, -2.812718, 0.000000]
negate: 0
occupied_thresh: 0.65
free_thresh: 0.196

